0230319000006
0230469000000
0230510000003
0235036000001
0260082000002
0260139000009
0260156000006
0260238000009
0260248000006
0260466000000
0260476000007
0260527000000
0261001000004
0261363000001
0261456000000
0261557000008
0261670000008
0262331000009
0262351000003
0262904000009
0263151000002
0263163000007
0263279000007
0263281000002
0263293000007
0263469000008
0263605000008
0263632000002
0264011000002
0264032000005
0264034000003
0264048000006
0264050000001
0264060000008
0264061000007
0264065000003
0264067000001
0264069000009
0264078000007
0264081000001
0264082000000
0264085000007
0264087000005
0264088000004
0264089000003
0264092000007
0264093000006
0264139000007
0264173000001
0264218000003
0264233000002
0264260000006
0264261000005
0264274000009
0264397000009
0264407000005
0264418000001
0264447000003
0264450000007
0264458000009
0264481000007
0264512000006
0264515000003
0264525000000
0264540000009
0264544000005
0264545000004
0264550000006
0264552000004
0264554000002
0264555000001
0264562000001
0264572000008
0264583000004
0264586000001
0264612000005
0264650000005
0264663000009
0264664000008
0264672000007
0264680000006
0264693000000
0264696000007
0264731000009
0264759000005
0264770000008
0264812000003
0264835000004
0264927000004
0264942000003
0265030000004
0265106000006
0265131000002
0265133000000
0265135000008
0265150000007
0265159000008
0265178000003
0265187000001
0265204000007
0265205000006
0265222000003
0265327000007
0265343000005
0265467000004
0265490000002
0265493000009
0265504000004
0265559000004
0265598000003
0265623000008
0265677000009
0265681000002
0265696000004
0265739000008
0265740000004
0265748000006
0265749000005
0265752000009
0265764000004
0265793000006
0265838000008
0265840000003
0265907000007
0265930000005
0265973000000
0266025000009
0266051000004
0266052000003
0266062000000
0266063000009
0266064000008
0266121000002
0266181000004
0266442000002
0266462000006
0266470000005
0266471000004
0266474000001
0266482000000
0266767000008
0266768000007
0266772000000
0266784000005
0266866000008
0266885000003
0266918000000
0266922000003
0266962000001
0266963000000
0267032000006
0267051000001
0267084000009
0267102000004
0267113000000
0267128000002
0267166000002
0267374000009
0268095000002
0268798000002
0269105000005
0269690000008
0269736000009
0269854000004
0269886000003
0269939000004
0270001000006
0270013000001
0270016000008
0270034000004
0270040000005
0270052000000
0270057000005
0270061000008
0270067000002
0270073000003
0270090000000
0270182000000
0270200000005
0270246000007
0270254000006
0270257000003
0270258000002
0270362000004
0270375000008
0270389000001
0270464000001
0270713000004
0270790000003
0270894000008
0270986000008
0271208000004
0271359000007
0271445000003
0271454000001
0271462000000
0271463000009
0271484000002
0271488000008
0271494000009
0271573000005
0271639000000
0271682000002
0271715000009
0271853000008
0271872000003
0271921000008
0272140000008
0272169000003
0272211000005
0272213000003
0272224000009
0272234000006
0272313000002
0272349000007
0272353000000
0272368000002
0272385000009
0272390000001
0272406000001
0272460000009
0272476000000
0272497000003
0272508000008
0272512000001
0272590000009
0272625000004
0272679000005
0272690000008
0272709000005
0272761000005
0272885000004
0272887000002
0272937000006
0272960000004
0272997000008
0273087000007
0273089000005
0273105000002
0273196000004
0273239000008
0273265000003
0273273000002
0273282000000
0273348000005
0273365000002
0273404000000
0273446000006
0273470000003
0273493000004
0273495000002
0273563000002
0273606000006
0273628000008
0273671000000
0273782000005
0273790000004
0273818000009
0273827000007
0273868000004
0273947000000
0273966000005
0273970000008
0273989000006
0274015000007
0274163000003
0274200000003
0274243000008
0274440000009
0274456000000
0274460000003
0274526000008
0274527000007
0274540000008
0274541000007
0274543000005
0274544000004
0274676000002
0274687000008
0274806000001
0274807000000
0274821000000
0274848000007
0275042000008
0275212000005
0275365000006
0275445000001
0275635000002
0275645000009
0275777000007
0275845000007
0276078000000
0276435000001
0276562000004
0276620000007
0276820000005
0276964000008
0276991000002
0277457000000
0277479000002
0277540000009
0277658000007
0277659000006
0277746000001
0277913000001
0277997000003
0278447000000
0278448000009
0278511000004
0278537000002
0278697000003
0278776000009
0279025000009
0279129000004
0279273000004
0279276000001
0279631000004
0279744000007
0280004000002
0280033000004
0280037000000
0280047000007
0280097000002
0280180000001
0280181000000
0280182000009
0280374000008
0280392000004
0280446000004
0280510000008
0280513000005
0280590000004
0280725000008
0280841000005
0281016000004
0281021000006
0281022000005
0281029000008
0281130000003
0281133000000
0281159000008
0281212000006
0281483000002
0282511000001
0282534000002
0282846000004
0282853000004
0283226000003
0283273000001
0283317000004
0283319000002
0283466000009
0283476000006
0283499000007
0283657000009
0283658000008
0283711000006
0284024000004
0284030000005
0284070000003
0284450000005
0284452000003
0284525000008
0284628000004
0284634000005
0284635000004
0284672000005
0284732000006
0284748000007
0284749000006
0284757000005
0284821000009
0284842000002
0284909000006
0285239000001
0285286000009
0285530000007
0285963000001
0285964000000
0285965000009
0286265000003
0286270000005
0286728000007
0288688000004
0288690000009
0289085000000
0289157000006
0289193000008
0289241000004
0289757000000
0289759000008
0289785000003
0289845000004
0289851000005
0289871000009
0289930000001
0289960000002
0289977000002
0735006003556
0735006005147
0735006005192
0735850497907
0735850497914
0735850497921
0735850497938
0781005646058
0781005646126
0781005646164
0781005646218
0781005646232
0781005646522
0781005646546
0781005646652
0781005646669
0781005646676
0781005646683
0781005646690
0781005646706
0781005646720
0781005646751
0792851361347
0793618109691
0793618109769
0793618109783
0793618109813
0793618109820
0793618109844
0793618109851
0793618109950
0793618109967
0796548435403
0840173039434
0852629004583
0873006000073
0873006000370
1220000340015
2100003728760
2293370000000
2409580000000
2409880000007
2423900000006
2423910000003
2425530000005
2604980000005
2605380000008
2607400000005
2613470000005
2616540000004
2627650000006
2803410000008
2883310000001
2883320000008
2883340000002
2883360000006
2893690000003
2904390000009
2918910000004
2918920000001
2918940000005
2929440000006
2929660000008
2938010000001
2963010000003
2963210000001
2963530000002
2963610000007
3073780872331
3175460000024
3183870000800
3369640038499
3415581101362
3415581103762
3415581105360
3415581113365
3415581114362
3415581122367
3415581154368
3415581520767
3415581545760
4001724041023
4001724818908
4001724819400
5000221505709
5000221506867
5000221509240
5000221600077
5000221603184
5000221605003
5000221605973
5000221608325
5000246729746
5010477341259
5010477341273
5010477346216
5010477349637
5010477349651
5010477352859
5010477353818
5010477356192
5010477356215
5010477357274
5010477360793
5010477360816
5018357013074
5018357013098
5027324003895
5027324003901
5027324003918
5056357913130
5056357914311
5060011706860
5099490001760
5099490001777
5711953057069
5711953066283
5711953088537
5711953115943
5711953120503
5711953158759
5711953162466
5740200001012
5740200017013
5760466881623
6921524183816
6921524183823
6942836725365
6942836725372
6942836725389
7617067058085
8000500413654
8000500431269
8000902004290
8001665705189
8001665705219
8001665705233
8001665705257
8001665706834
8001665707367
8001665714167
8001665717700
8001665720809
8001665727853
8001665727860
8002710335399
8002710412007
8011425114502
8011425117350
8410076601636
8410076601643
8410076601674
8410076601681
8410076601698
8410076602206
8411037800037
8710502373008
8710912058335
8710912058366
8710912058397
8710912148265
8710912452171
8711327641112
8711327644311
8714100895252
8721274616170
8721274616194
8721274616224
8801392035098
8801392122569
8801392122583
8852756305012
8852756327434
8852756327694
8852756328493
8852756328721
8852756328738
8852756329438
8852756329698
8852756330724
8852756330731
8852756331998
8852756332353
8906063130086
8935297103887
9001372008770
9300602379896
9300602388201
9300605100114
9300605111240
9300605124790
9300605124899
9300605127265
9300605127289
9300605139619
9300605139626
9300605139633
9300605139640
9300605139657
9300605139688
9300605139695
9300605139718
9300605139725
9300605139732
9300605139756
9300605139770
9300605139794
9300605155305
9300605155381
9300605155398
9300605157842
9300605157972
9300617061304
9300617061342
9300633000943
9300633001650
9300633001674
9300633005184
9300633007034
9300633007164
9300633007171
9300633007201
9300633007218
9300633007249
9300633007331
9300633007379
9300633007478
9300633007522
9300633007669
9300633007713
9300633011185
9300633011444
9300633012267
9300633012281
9300633013660
9300633014735
9300633015596
9300633016456
9300633020644
9300633020781
9300633024574
9300633026028
9300633031206
9300633032470
9300633039196
9300633041045
9300633041106
9300633041298
9300633042813
9300633042875
9300633043056
9300633043230
9300633043476
9300633043537
9300633044343
9300633048358
9300633049515
9300633050559
9300633064372
9300633077488
9300633095314
9300633095321
9300633095338
9300633096397
9300633097622
9300633098315
9300633098605
9300633100551
9300633101169
9300633101275
9300633101435
9300633101787
9300633121051
9300633126490
9300633127206
9300633145484
9300633157692
9300633157715
9300633163259
9300633169541
9300633176921
9300633179168
9300633225490
9300633225674
9300633226534
9300633252823
9300633254605
9300633254612
9300633254629
9300633254636
9300633254643
9300633254667
9300633254681
9300633254698
9300633254704
9300633254735
9300633254742
9300633260392
9300633268503
9300633268510
9300633281540
9300633285418
9300633285425
9300633317621
9300633341213
9300633346898
9300633346904
9300633349936
9300633351045
9300633369545
9300633369552
9300633369576
9300633369583
9300633375645
9300633379568
9300633380182
9300633387112
9300633387143
9300633416492
9300633418472
9300633418946
9300633423230
9300633424091
9300633429713
9300633434687
9300633434717
9300633438135
9300633442194
9300633443733
9300633443894
9300633445133
9300633451042
9300633453794
9300633458690
9300633472429
9300633473853
9300633473860
9300633485085
9300633511081
9300633511098
9300633511142
9300633511159
9300633522056
9300633522063
9300633522070
9300633522087
9300633522094
9300633522100
9300633526818
9300633535629
9300633538217
9300633541651
9300633558994
9300633568696
9300633577490
9300633578503
9300633579838
9300633581060
9300633582012
9300633582043
9300633582449
9300633584412
9300633584917
9300633594138
9300633594152
9300633594169
9300633594176
9300633598969
9300633598976
9300633607333
9300633607968
9300633608279
9300633608408
9300633609382
9300633609634
9300633611590
9300633611972
9300633613075
9300633613129
9300633614850
9300633614867
9300633616229
9300633616458
9300633619169
9300633620103
9300633626501
9300633626518
9300633626525
9300633629984
9300633636005
9300633636012
9300633636029
9300633636036
9300633636043
9300633636555
9300633636586
9300633636807
9300633636944
9300633637095
9300633637101
9300633638061
9300633638078
9300633643904
9300633643911
9300633645199
9300633645236
9300633657116
9300633675424
9300633675431
9300633677466
9300633682828
9300633683078
9300633683542
9300633684495
9300633684501
9300633685966
9300633686437
9300633686451
9300633686901
9300633687120
9300633693527
9300633701246
9300633701253
9300633701260
9300633705473
9300633709129
9300633716882
9300633716905
9300633716998
9300633717018
9300633717025
9300633718367
9300633718398
9300633718411
9300633718435
9300633719272
9300633731151
9300633731168
9300633731175
9300633731182
9300633733391
9300633741457
9300633741563
9300633746179
9300633768959
9300633768966
9300633782498
9300633782504
9300633945367
9300633951672
9300633958923
9300633967475
9300633974145
9300633982065
9300633982423
9300633984007
9300633987015
9300633989484
9300633989668
9300639617695
9300639617701
9300639617725
9300639617732
9300639617749
9300639617756
9300639617763
9300639617770
9300639617787
9300639620121
9300639620138
9300641000522
9300641004971
9300641004988
9300641005602
9300644702997
9300650015944
9300650430112
9300650430419
9300650430617
9300650431614
9300650431812
9300650438118
9300650451582
9300650453920
9300652001716
9300652001730
9300652003512
9300652009309
9300652010213
9300652010572
9300652011395
9300652014068
9300652014075
9300652802528
9300652802535
9300652803204
9300652803228
9300652803235
9300652803594
9300652803778
9300652803785
9300652803792
9300652803808
9300652804201
9300652806045
9300652806069
9300652809602
9300652809619
9300652810011
9300652810028
9300652810363
9300652810486
9300652810493
9300652810905
9300652811537
9300652813913
9300652815672
9300652815702
9300652815795
9300652815801
9300652955637
9300657173302
9300657173418
9300657173425
9300657173739
9300658308925
9300658404931
9300658404955
9300658406706
9300658408021
9300658408045
9300658408229
9300658408236
9300658408243
9300658408335
9300658409240
9300658410864
9300658411472
9300658411489
9300658411496
9300658411502
9300658411564
9300658411571
9300658411601
9300658411618
9300658411625
9300658411632
9300658411700
9300658411717
9300658411724
9300658411748
9300658411762
9300658411779
9300658411786
9300658411793
9300662886488
9300662886501
9300662888895
9300665000683
9300665023217
9300665023408
9300665068256
9300681398023
9300681398269
9300681398405
9300681400191
9300681409460
9300695009526
9300695009533
9300767080019
9300767080095
9300767080101
9300767080590
9300767081436
9300767081566
9300767081931
9300767081948
9300767082433
9300767082464
9300767082495
9300767082532
9300767082716
9300767082815
9300767082822
9300767082839
9300767082846
9300767083218
9300767083225
9300767083232
9300767083249
9300767092777
9300767092784
9300767092814
9300767092821
9300767092838
9300767092845
9300767092883
9300767093347
9300767093361
9300767093378
9300767094269
9300767098762
9300767182508
9300767182515
9300786054565
9300786054572
9300786054619
9300788000591
9300830020928
9300830041299
9300830042517
9300830045556
9300830065530
9300830065547
9300830089215
9300830089222
9300830091249
9309000708048
9309000708055
9309001863265
9309002996009
9309002996054
9309002996061
9309002996078
9310016801609
9310016801616
9310023135988
9310023142986
9310023145215
9310023145727
9310023146212
9310036003854
9310036016106
9310036017011
9310036041276
9310036041337
9310036043621
9310036047261
9310036047933
9310036060444
9310036061328
9310036065500
9310036066231
9310036066255
9310036066385
9310036070528
9310036070535
9310036075714
9310036076803
9310036077886
9310036077893
9310036077961
9310036078005
9310036078173
9310036079286
9310036079293
9310036079361
9310036079385
9310036079415
9310036079422
9310036115281
9310036228455
9310036228493
9310036228530
9310036230434
9310036230441
9310036230458
9310037022168
9310037054954
9310037148660
9310037148936
9310037148943
9310037149216
9310043003205
9310043003519
9310047208217
9310052272678
9310052273941
9310052277277
9310053102578
9310053102738
9310053105296
9310053107955
9310053107962
9310055103085
9310055103092
9310055103993
9310060001673
9310060403699
9310066430309
9310072019994
9310076669010
9310076669867
9310076669898
9310076680015
9310076680060
9310076680077
9310076680084
9310080035085
9310080103333
9310080107850
9310080107867
9310080107904
9310080107942
9310080108291
9310080108321
9310080108338
9310080108437
9310080109069
9310080208571
9310080236550
9310080236567
9310080257418
9310081130611
9310081132424
9310081407683
9310081410980
9310113900380
9310113900403
9310113900410
9310113901004
9310113901028
9310113901035
9310113901912
9310113901936
9310113904654
9310113905651
9310113905682
9310113905699
9310113905750
9310113906061
9310134220177
9310134901090
9310134901106
9310134901137
9310134901342
9310134901359
9310135020387
9310135020400
9310135020424
9310135020530
9310135026570
9310135026655
9310135026693
9310135045670
9310135101321
9310135101338
9310135101406
9310135101413
9310135101468
9310135101475
9310135164982
9310135165002
9310135165880
9310155561624
9310155562621
9310161001343
9310161001480
9310161001497
9310161002074
9310161002104
9310161002111
9310161005006
9310161005051
9310161005488
9310161012110
9310161013988
9310161016415
9310161017429
9310161017603
9310161018150
9310161018167
9310161018181
9310161018198
9310161018204
9310161018617
9310161018747
9310161018914
9310161018938
9310161019270
9310174002504
9310174002528
9310174002535
9310174002580
9310174002702
9310174002719
9310174003112
9310174003136
9310174024308
9310174024346
9310174024407
9310174024827
9310174024872
9310174090679
9310174090839
9310174093823
9310174095360
9310174113880
9310174121731
9310174126781
9310174130238
9310174130245
9310174130269
9310174132027
9310174151295
9310174151318
9310174152148
9310174152155
9310174152360
9310174153565
9310174161683
9310174166459
9310174166565
9310174175857
9310174177646
9310174197637
9310174198108
9310176408014
9310176408120
9310176408816
9310199027544
9310199027575
9310199080815
9310199100285
9310213339073
9310213544323
9310213545238
9310213844126
9310213855238
9310213869303
9310229070847
9310232956152
9310232957494
9310232957500
9310232957517
9310232957531
9310232957555
9310232957609
9310232957715
9310232958972
9310232959078
9310232959245
9310232959269
9310232960739
9310232960760
9310232961187
9310232961279
9310232961996
9310232962016
9310232962054
9310232962061
9310232962078
9310232962108
9310232962160
9310232962177
9310232962313
9310272001560
9310272002482
9310272002499
9310272004110
9310272006213
9310272006220
9310272006251
9310272006312
9310272006329
9310272022503
9310273002399
9310273002702
9310273105120
9310273722600
9310273723355
9310273729333
9310295083598
9310331475486
9310354981315
9310386001456
9310386001487
9310386001531
9310386001555
9310541000904
9310560009315
9310560023632
9310560024295
9310568121521
9310568150798
9310568245166
9310568245173
9310568462167
9310568703284
9310591400204
9310591401034
9310591500263
9310591500270
9310591500317
9310591500331
9310591500348
9310591500355
9310591500737
9310591502106
9310591502823
9310591503271
9310591503288
9310591505374
9310591505855
9310591506128
9310591506135
9310631628438
9310631636198
9310638006000
9310638006024
9310644301236
9310644301243
9310644301489
9310644301564
9310644301939
9310653102985
9310653102992
9310653103203
9310653103418
9310653105597
9310653105603
9310653105610
9310653105627
9310653105634
9310653105641
9310653105658
9310653105696
9310653105887
9310653106020
9310653106044
9310653106051
9310653106068
9310653106075
9310653106723
9310653106952
9310653106969
9310653107027
9310653107034
9310653107041
9310653107058
9310653107065
9310653107072
9310653107102
9310677369258
9310683000039
9310761713219
9310761713226
9310761713356
9310761713370
9310761713622
9310761713639
9310761713646
9310761714100
9310761714582
9310761715138
9310761715619
9310761715923
9310761716050
9310761716067
9310761716081
9310761716098
9310761717040
9310761717095
9310761717460
9310761717514
9310761719686
9310761724482
9310761724499
9310761724505
9310761724512
9310761724758
9310761724765
9310761724772
9310761724789
9310761724796
9310761724802
9310761724819
9310761729548
9310761729586
9310761729623
9310761731404
9310761731428
9310761731435
9310761731480
9310761731596
9310761731619
9310768113982
9310768113999
9310768116099
9310768116105
9310795003300
9310795003317
9310795003645
9310795008404
9310817111778
9310817112140
9310817112157
9310865109208
9310865610193
9310865610209
9310865610216
9310865610247
9310865610254
9310885116170
9310885116187
9311008110051
9311008431309
9311008437776
9311074101243
9311074101250
9311074101311
9311074101328
9311074101458
9311074101465
9311118000402
9311174005199
9311174005205
9311174005458
9311174005489
9311208003269
9311331111114
9311331111121
9311482013763
9311482013787
9311482013794
9311594012227
9311594016058
9311594016546
9311594016560
9311594016584
9311594016799
9311594016850
9311594016881
9311594016928
9311594016942
9311594016966
9311594017017
9311594017161
9311594018564
9311594018601
9311594018625
9311594018632
9311594018649
9311594018656
9311594018878
9311594020239
9311594021199
9311594022110
9311594023162
9311594043238
9311594043269
9311594046062
9311594046727
9311594046734
9311594046857
9311594047069
9311594047076
9311594047083
9311594069184
9311594069214
9311594222237
9311594222367
9311594223463
9311594223654
9311594225306
9311883022579
9311883022586
9312141000636
9312141000735
9312141000858
9312141001121
9312141010017
9312141051003
9312141051010
9312182012520
9312182112541
9312182112558
9312353000035
9312353000752
9312353000769
9312353000875
9312353000899
9312353000950
9312353001759
9312353002800
9312353004880
9312353004897
9312353004989
9312353005245
9312353006143
9312353006150
9312353007478
9312353007515
9312353007607
9312353007645
9312353007690
9312353007782
9312353007843
9312726000075
9312726000150
9312726000563
9312726000716
9312726000754
9312726000761
9312726000990
9312726001003
9312726001270
9312726001317
9312726001348
9312726001454
9312726001478
9312726001980
9312726001997
9312726002000
9312726002048
9312726002697
9312726002703
9312726002758
9312726002888
9312726003052
9312726004202
9312726004486
9312726004622
9312726004745
9312726004851
9312726004899
9312726005810
9312726005827
9312726005865
9312726071716
9312726071747
9312726072225
9312726072232
9312726072256
9313025000186
9313025000438
9313068201540
9313068300977
9313068301134
9313068301523
9313107123079
9313107161101
9313107161118
9313107161149
9313107161460
9313107170929
9313107170936
9313107690106
9313153001086
9313153001093
9313153998768
9313167210009
9313445100046
9313475006189
9314102030065
9314102030171
9314102035060
9314102035145
9314102035169
9314111000196
9314218000600
9314218000617
9314218000624
9314441001573
9314441009500
9314441702470
9314441702487
9314441706508
9314441706539
9314441706546
9314441706553
9314441707901
9314441707918
9314441707925
9314441711861
9314441711885
9314441712448
9314441712530
9314441712547
9314441713995
9314441715692
9314441715715
9314441716262
9314441716279
9314957031712
9314957040127
9314957040691
9315090400052
9315251900766
9315251900773
9315251900780
9315679214247
9315679959599
9315822002394
9315822004602
9315822009126
9315822009232
9315822013918
9315822016377
9315822016537
9315822016957
9315822018319
9315822018968
9315822019484
9315822019521
9315822019538
9315822020312
9315822020374
9315822021050
9315822022064
9315822022071
9315822022088
9315822022095
9315822022224
9315822022231
9315822022293
9315822117128
9316105010013
9316112007587
9316112007594
9316131112484
9316363001501
9316389780978
9316389780985
9316447000819
9317005553853
9317320100152
9317320100305
9317320101500
9317320101524
9317444000161
9317444000185
9317444000208
9317444000215
9317444001168
9317444001229
9317444001236
9317444001410
9317444001564
9317444001694
9317444001717
9317444001991
9317444002004
9317444002028
9317444002134
9317444002288
9317444002882
9317444003308
9317444003445
9317444003711
9317444003834
9317444004169
9317444004176
9317444004213
9317444004237
9317444004282
9317444004428
9317444004435
9317444004534
9317444004572
9317444004657
9317466301543
9317466301574
9317471002381
9317557000010
9317557000027
9317557896019
9317755000232
9317755000676
9317755000683
9317755001246
9317755001253
9317755001505
9317794010100
9317794101006
9317794101204
9317948004511
9317948008038
9317948008076
9317948008366
9317948009271
9317948012141
9317948012745
9317948012769
9317948012776
9317948012783
9317948012790
9317948012936
9317948012943
9317967001454
9318053071337
9318053089950
9318053089967
9318053089998
9318053090000
9318122380186
9318122381022
9318122383880
9318122386331
9318122387086
9318122388083
9318122389127
9318312500547
9318677000164
9318677000331
9318677002922
9318677002939
9319026070043
9319133332737
9319133332935
9319133332942
9319133333185
9319133333444
9319133333550
9319133333666
9319133333925
9319133333987
9319133334243
9319133334366
9319133334434
9319133334472
9319133334656
9319133334717
9319133334809
9319133334816
9319133334892
9319133335585
9319133335974
9319133336155
9319133336254
9319133336346
9319133336353
9319133336360
9319133336544
9319133336582
9319133336803
9319133337039
9319133337053
9319133337060
9319133337534
9319133337923
9319133337961
9319133338074
9319133338081
9319133338104
9319133338111
9319133338128
9319133338418
9319133338470
9319133338494
9319133338791
9319133338845
9319133338968
9319133339002
9319133339064
9319133339071
9319133339361
9319133339408
9319133339422
9319133339439
9319133339446
9319133339538
9319232024243
9319232024267
9319232029637
9319232029811
9319232030961
9319232030978
9319232031227
9319232031418
9319270001473
9319560000070
9319626000440
9319626000488
9319946006368
9319946006382
9319946006405
9319946006443
9319946006511
9319946006788
9319946006795
9319946006818
9319946006825
9319946006849
9319946006856
9319946006894
9319946006900
9319946006924
9319946007310
9319946007952
9319946008140
9319946008454
9319946008485
9319946008492
9319946008560
9319946008638
9319946008645
9319946008706
9319946008720
9319946008911
9319946009017
9319946009093
9319946009222
9319946009239
9319946009246
9319946009277
9319946009291
9319946009529
9319946009536
9319946009543
9320391070019
9320391070040
9320391070149
9320823004674
9320823004681
9321325000683
9321325000775
9321325001000
9321325001857
9321325002007
9321325002168
9321325002175
9321325002199
9321325002229
9321325002397
9321325002410
9321325002427
9321325002434
9321325002625
9321325002861
9321325002878
9321325003394
9321325003400
9321325005015
9321325005022
9321406001653
9321406001660
9321406002308
9321444555002
9321759000013
9321759000556
9321759100201
9321941006632
9321941006649
9322025081125
9322092000012
9322092000029
9322092000494
9322288002097
9322288003353
9322288003858
9322288005746
9322515030886
9323015012556
9323015013300
9323015014031
9323015014413
9323015017827
9323015018183
9323015018831
9323015021930
9323015021954
9323015022470
9323015022500
9323015023019
9323062002364
9323062002708
9323062003224
9323536720084
9323536720114
9323536720138
9324342000247
9324924000733
9326105000006
9326105000679
9326451002488
9326451003614
9326451005984
9326451006127
9326451011855
9326451013316
9326451016294
9326451016300
9326451016317
9326451016324
9326451016331
9326451016355
9326451016362
9326451028082
9326451028105
9326451028112
9326451028129
9326451033673
9326451087003
9326451099600
9326451737120
9326451792587
9326451792594
9326451890993
9326666010162
9326666010193
9326666010384
9326666010391
9326666010612
9326666010629
9326666010674
9326666010698
9326666200020
9326666200044
9326666200068
9326666600585
9326666610485
9326666710178
9326666710574
9326666710581
9326720000092
9326720000214
9326720000283
9326720000306
9326720000511
9326720000535
9326720001198
9326720001341
9326720001365
9326720001402
9326720001860
9326720001945
9327076001566
9327189001132
9327409003991
9328004001795
9328004001832
9328004001863
9328174000437
9328174000482
9328174001694
9328174001717
9328174001724
9328174001731
9328327000727
9328327000901
9328327000925
9328327000932
9328327000956
9328327001007
9328327001762
9328327001779
9328327002257
9328327002264
9328327002271
9328327002714
9328327002851
9328327003230
9328327003278
9329053013548
9329053014118
9329053014125
9329053014132
9329053014149
9329053014156
9329053014163
9329053014170
9329053014187
9329053014194
9329053014200
9329053014217
9329053014224
9329053014644
9329053014651
9329427004103
9329427004301
9329427004325
9329427004332
9329937005225
9329937007182
9329937007205
9329937007557
9329937007601
9330059000005
9330059000166
9330272002299
9330370013012
9330370013036
9330370013050
9330370013067
9330370015016
9330370015030
9330370015061
9330471002496
9330471024221
9330471024238
9330471024276
9330471024559
9330752003358
9330752003471
9330752003969
9330752004515
9330752004560
9331587003322
9331587003339
9331587003476
9332991000181
9332991000198
9332991000389
9332991000396
9332991000884
9332991000891
9332991000907
9332991001591
9332991001737
9332991001973
9332991002406
9332991002659
9332991002789
9332991002796
9332991002864
9332991003199
9332991003205
9332991003489
9332991003496
9332991003533
9332991003540
9332991003557
9332991003625
9332991003632
9332991003656
9332991003670
9332991003694
9332991003700
9332991003724
9333278008364
9333278008371
9333278008388
9333278008395
9333278008401
9333406000208
9333406020213
9333406020275
9333957000023
9333957000030
9333957000047
9333957000054
9334169001037
9334169001044
9334169005004
9334169005103
9334330000050
9334708000040
9334708000859
9334864006603
9334864006610
9334864006627
9334969003507
9335068001449
9335068001456
9335068001463
9335068001678
9335068001791
9335068001937
9335068001951
9335068004556
9335068004563
9335068004570
9335068004587
9335068004594
9335068004648
9335068004860
9335089002340
9335492000933
9336088007169
9336088007176
9336088007206
9336088007220
9336088007237
9336088007244
9336088007251
9336088007268
9336088007343
9336243002671
9336243002695
9336243003067
9336243004668
9336243004675
9336243004699
9336243004712
9336243004750
9336243005009
9336243005023
9336243005030
9336243005290
9336243005306
9336243005313
9336243005719
9336243005726
9336243005733
9336243005740
9336243005757
9336243005764
9336243005870
9336243005993
9336243006037
9336243006075
9336243006099
9336243006105
9336243006129
9336243006563
9337571000087
9337571001787
9337571001794
9337571001848
9337571002104
9338033006647
9338033006654
9338033006661
9338033006739
9338033006746
9338033006753
9338033006760
9339068011019
9339068011026
9339068011057
9339068011231
9339423009972
9339423009989
9339423009996
9339454000184
9339454000214
9339454001150
9339454001174
9339454001198
9339454001259
9339454001280
9339454001396
9339454001402
9339454001419
9339562012192
9339655096559
9339655096573
9339655096764
9339655097693
9339655097709
9339655097914
9339655097938
9339687013456
9339687019410
9339687020232
9339687020249
9339687027149
9339687028306
9339687029006
9339687029723
9339687029747
9339687029778
9339687029785
9339687029792
9339687029815
9339687029839
9339687039654
9339687040377
9339687042050
9339687044641
9339687045365
9339687045815
9339687055760
9339687055791
9339687056439
9339687056446
9339687056705
9339687056996
9339687058518
9339687058549
9339687058556
9339687058877
9339687060535
9339687060580
9339687060610
9339687060627
9339687060856
9339687060870
9339687065721
9339687065745
9339687066339
9339687066346
9339687067596
9339687067602
9339687067640
9339687069057
9339687069484
9339687069491
9339687069507
9339687069736
9339687080441
9339687081349
9339687081950
9339687082148
9339687082216
9339687083534
9339687084050
9339687084906
9339687087600
9339687089666
9339687091737
9339687091744
9339687091751
9339687092116
9339687092567
9339687093137
9339687094790
9339687095322
9339687095889
9339687096312
9339687096329
9339687096336
9339687096343
9339687096732
9339687097623
9339687097630
9339687097647
9339687097654
9339687097661
9339687097685
9339687097708
9339687097715
9339687097739
9339687104444
9339687104567
9339687104758
9339687104987
9339687105014
9339687105021
9339687105038
9339687105885
9339687105892
9339687105908
9339687106073
9339687106080
9339687133130
9339687133154
9339687137282
9339687137664
9339687137787
9339687137961
9339687137978
9339687137985
9339687137992
9339687138005
9339687138012
9339687138036
9339687139019
9339687141593
9339687141647
9339687141654
9339687141715
9339687141722
9339687141739
9339687141746
9339687141777
9339687141838
9339687141845
9339687141869
9339687141876
9339687141883
9339687141890
9339687141906
9339687141920
9339687141944
9339687142002
9339687142019
9339687142064
9339687142088
9339687142118
9339687142125
9339687142170
9339687142231
9339687142415
9339687142453
9339687142477
9339687142491
9339687153428
9339687154470
9339687154753
9339687154784
9339687156634
9339687156641
9339687156658
9339687156665
9339687157174
9339687157228
9339687157235
9339687157792
9339687157808
9339687160990
9339687161003
9339687161034
9339687161072
9339687161188
9339687161362
9339687161386
9339687161485
9339687161492
9339687162871
9339687164394
9339687164400
9339687164417
9339687164950
9339687165049
9339687165056
9339687165261
9339687165278
9339687165292
9339687168552
9339687171064
9339687171071
9339687189199
9339687189205
9339687189212
9339687189649
9339687190546
9339687191635
9339687193042
9339687201198
9339687206483
9339687206520
9339687206735
9339687206759
9339687206797
9339687206827
9339687206971
9339687206988
9339687207060
9339687207077
9339687207084
9339687207169
9339687207176
9339687207190
9339687207206
9339687207213
9339687207244
9339687207251
9339687207268
9339687207350
9339687207626
9339687207749
9339687207800
9339687211654
9339687212408
9339687214150
9339687216413
9339687216437
9339687216444
9339687216468
9339687216482
9339687216499
9339687216529
9339687216536
9339687216543
9339687220694
9339687220700
9339687220717
9339687222223
9339687223879
9339687223916
9339687223985
9339687223992
9339687224005
9339687224029
9339687224043
9339687224050
9339687224074
9339687224104
9339687224128
9339687224272
9339687224326
9339687224807
9339687225361
9339687225712
9339687226993
9339687234486
9339687234493
9339687236688
9339687240913
9339687256525
9339687256532
9339687256549
9339687256556
9339687256655
9339687256662
9339687256679
9339687257195
9339687257201
9339687257218
9339687257232
9339687257256
9339687263189
9339687263226
9339687263233
9339687263240
9339687263943
9339687263950
9339687264018
9339687264025
9339687264049
9339687264056
9339687264735
9339687265053
9339687265329
9339687265343
9339687265350
9339687265411
9339687265428
9339687265435
9339687265442
9339687265459
9339687265466
9339687265558
9339687267606
9339687267613
9339687267835
9339687269945
9339687269990
9339687271115
9339687271139
9339687271146
9339687271153
9339687271160
9339687271177
9339687271184
9339687271832
9339687276349
9339687276424
9339687276431
9339687277742
9339687279913
9339687281077
9339687284979
9339687285037
9339687296910
9339687301447
9339687301454
9339687301461
9339687301485
9339687301492
9339687301676
9339687302208
9339687302314
9339687302598
9339687302697
9339687302987
9339687304523
9339687304592
9339687304820
9339687306688
9339687309757
9339687309764
9339687310456
9339687310531
9339687314140
9339687314195
9339687314539
9339687315109
9339687315116
9339687315628
9339687315888
9339687316076
9339687316236
9339687316243
9339687316298
9339687318483
9339687318506
9339687318513
9339687318520
9339687318537
9339687318674
9339687318933
9339687319442
9339687319459
9339687319466
9339687319473
9339687319527
9339687319534
9339687319558
9339687319565
9339687319589
9339687319602
9339687319619
9339687319701
9339687319916
9339687319954
9339687320134
9339687320219
9339687320509
9339687320516
9339687320530
9339687320868
9339687320875
9339687320905
9339687321018
9339687321025
9339687321032
9339687325818
9339687325849
9339687326358
9339687326365
9339687326372
9339687329557
9339687329564
9339687330003
9339687330010
9339687330027
9339687330034
9339687330249
9339687330256
9339687336548
9339687338702
9339687338719
9339687338726
9339687338733
9339687338818
9339687338825
9339687338832
9339687338849
9339687340101
9339687340262
9339687340439
9339687340446
9339687340453
9339687340477
9339687341214
9339687341351
9339687341368
9339687341399
9339687341405
9339687341580
9339687341795
9339687343126
9339687343133
9339687343140
9339687343164
9339687343171
9339687343256
9339687343263
9339687343270
9339687343287
9339687343348
9339687343737
9339687343744
9339687343751
9339687343768
9339687343782
9339687343812
9339687344451
9339687345427
9339687345434
9339687345960
9339687345977
9339687346202
9339687346240
9339687346264
9339687346738
9339687346752
9339687346776
9339687346783
9339687346790
9339687346806
9339687346813
9339687346837
9339687347377
9339687348701
9339687348725
9339687348787
9339687348831
9339687348886
9339687349241
9339687349630
9339687349661
9339687349739
9339687349852
9339687350278
9339687354382
9339687354535
9339687354856
9339687354887
9339687354894
9339687354900
9339687354917
9339687354924
9339687354931
9339687355365
9339687355877
9339687357987
9339687358465
9339687358472
9339687358489
9339687358496
9339687358502
9339687359288
9339687359295
9339687359851
9339687359882
9339687359943
9339687359950
9339687360345
9339687360369
9339687360529
9339687360536
9339687360840
9339687361199
9339687361335
9339687361359
9339687361366
9339687361403
9339687361441
9339687361700
9339687361717
9339687361724
9339687361731
9339687361823
9339687361830
9339687361847
9339687362042
9339687362165
9339687362172
9339687362189
9339687362196
9339687362219
9339687362332
9339687362356
9339687362370
9339687362448
9339687362875
9339687362899
9339687362929
9339687362936
9339687362950
9339687362967
9339687362981
9339687362998
9339687363018
9339687363025
9339687363032
9339687363117
9339687363261
9339687367030
9339687367047
9339687367054
9339687368945
9339687369263
9339687369270
9339687369287
9339687369294
9339687380138
9339687380800
9339687380817
9339687382125
9339687382132
9339687382545
9339687383450
9339687383467
9339687383719
9339687383818
9339687383825
9339687383832
9339687384419
9339687384426
9339687384433
9339687384440
9339687384457
9339687384464
9339687384471
9339687384488
9339687384495
9339687384501
9339687384525
9339687384532
9339687384549
9339687384556
9339687384563
9339687384570
9339687384587
9339687384594
9339687384617
9339687384624
9339687384631
9339687384648
9339687384655
9339687384662
9339687384679
9339687384686
9339687384709
9339687384716
9339687384723
9339687384747
9339687384761
9339687384778
9339687384785
9339687384792
9339687384815
9339687384839
9339687384853
9339687384860
9339687386482
9339687387007
9339687387069
9339687387328
9339687387335
9339687387342
9339687387359
9339687387366
9339687387373
9339687387502
9339687387540
9339687387571
9339687387618
9339687387809
9339687387816
9339687387823
9339687389988
9339687390021
9339687390670
9339687390700
9339687391493
9339687391509
9339687391516
9339687391523
9339687393374
9339687393480
9339687398577
9339687398584
9339687402038
9339687402045
9339687402700
9339687402861
9339687402878
9339687402885
9339687404575
9339687404582
9339687404599
9339687404766
9339687404773
9339687404834
9339687404858
9339687405060
9339687405183
9339687405596
9339687406722
9339687407057
9339687407644
9339687408009
9339687408139
9339687410903
9339687411672
9339687411689
9339687411696
9339687411702
9339687419708
9339687421749
9339687421756
9339687422951
9339687422975
9339687424122
9339844011752
9339844011769
9340224004745
9340281001374
9340281002272
9340281002388
9340281002500
9340281002517
9340281002524
9340281002555
9340281002579
9340281002937
9340281002944
9340281002951
9340281002968
9340281002975
9340784002618
9340784002625
9340784004254
9340784006654
9340784006678
9340784006708
9340784007484
9340784007491
9340784007507
9340859001010
9340859001102
9340939002883
9340939002906
9340964000205
9341085000532
9341181000009
9341284008742
9341284008759
9341286002601
9341650001223
9341650001230
9341650001407
9341650002312
9341650002404
9341650002411
9341650002442
9341661003292
9341661003339
9341661005500
9341661005517
9341661005548
9341661005555
9341661005609
9341661005760
9341994000111
9341994000128
9341994000180
9342546000207
9342546000320
9342546000498
9342546002096
9342546002102
9342546002133
9342546002379
9342584034868
9342584034899
9342584034967
9342584042115
9342584070804
9342584071948
9342584073898
9343005000011
9343005000028
9343005000035
9343005000042
9343005000080
9343005000110
9343005000455
9343005001254
9343005006280
9343005007034
9343335002266
9343335002297
9343787099050
9343787099067
9343787099265
9343971000008
9343971000077
9343971000268
9344060002583
9344378002718
9344378004064
9344378004408
9344378004415
9344378004422
9344378004439
9344378004446
9344378004453
9344378004552
9344378005009
9344378005207
9344378005214
9344378005221
9344808001373
9344808001380
9344808001397
9344808001403
9344808001571
9344899001481
9344899001498
9344962001646
9344962001707
9344962001776
9344962002148
9344962002155
9344962002179
9344962002186
9344962002193
9344962002483
9344962003824
9344962003831
9344962003855
9344962003930
9344962004135
9344962004401
9344962004418
9344962004425
9344962004517
9344962004524
9344962004531
9344962004555
9344988000043
9344988000067
9344988000074
9344988000203
9344988000319
9344988000906
9344988000913
9345172000016
9345172002324
9345290000004
9345290000189
9345532000007
9345715000497
9345715000770
9345905005950
9345905005967
9345905005974
9345905008814
9346321000000
9346321000079
9346321000109
9346321000185
9346321000208
9346321000215
9346321000222
9346321000239
9346321000253
9346321000475
9346321000918
9346321002127
9346349000549
9346430000489
9346430000731
9346430002131
9346430002315
9346473001306
9346473002969
9346758005104
9346758005210
9347042001437
9347042001918
9347042002113
9347042002502
9347042002878
9347042002908
9347042002960
9347042002977
9347042003066
9347042003455
9347042003547
9347042003554
9347042003561
9347042003615
9347043001504
9347043001733
9347043002303
9347043002594
9347043002600
9347043002617
9347043002655
9347043002662
9347447000264
9347447000271
9347801003085
9347920000064
9347920000088
9348089000018
9348089000025
9348192000424
9348204001203
9348204001241
9348219004978
9348378003751
9348378003768
9348378003775
9348470001501
9348470001518
9348496000724
9348496000786
9348545000699
9348545000736
9349107000089
9349107001116
9349107001130
9349107001246
9349107001291
9349107001321
9349174000319
9349174000494
9349174000500
9349499005129
9349571000301
9349571000325
9349571005078
9349571005092
9349571005115
9349580003362
9349622000281
9349622000670
9349622000700
9349622000816
9349663002558
9349663003340
9349673003767
9349673003774
9349673003798
9349673004498
9349673004634
9349673004641
9349673004658
9349673004665
9349673004672
9349673004702
9349673004719
9349673004726
9349673004740
9349673004757
9349673004764
9349673004771
9349673004801
9349673004917
9349673004962
9349673005198
9349673005204
9349673005228
9349673005952
9349673005969
9349673005983
9349673005990
9349673006010
9349801000255
9349801000927
9349801000934
9349893099755
9350007001571
9350007001595
9350007002523
9350007007597
9350142002037
9350142002112
9350142002235
9350142002365
9350142002426
9350142002440
9350142002464
9350142002471
9350142002501
9350167000018
9350167000049
9350167000322
9350167000452
9350167000490
9350271000027
9350271000034
9350271000089
9350271000096
9350271001765
9350271001871
9350271002007
9350271002113
9350271002120
9350271002281
9350271002410
9350271002427
9350271002434
9350271002533
9350271003332
9350271003639
9350271003684
9350271003691
9350271004919
9350271004940
9350271005138
9350271005145
9350327000193
9350327000223
9350327001107
9350539001148
9350539001704
9350539001728
9350539001919
9350539002954
9350539002992
9350539003050
9350539003067
9350539003081
9350539003104
9350539099015
9350539099022
9350566000183
9350566000244
9350566000589
9350566001005
9350566001128
9350566001135
9350566001142
9350566001180
9350566001388
9350566001470
9350566001487
9351338001841
9351422000002
9351422000019
9351422000750
9351775000377
9351775001169
9351775001657
9351775001749
9351777001341
9351777003093
9351851002172
9351851002189
9351851002226
9351851002639
9351851002684
9352047001856
9352047003126
9352047003263
9352222000049
9352222000056
9352222000124
9352222000223
9352222000230
9353333000027
9353333000041
9353333000133
9353333000638
9353333000775
9353333004001
9353333004049
9353333004292
9353333004353
9353333004360
9353333005008
9353333005053
9353333005312
9353333005374
9353333006913
9353333007255
9353348000166
9353348000173
9353348000180
9353348000234
9353348000296
9353348000302
9353712000174
9353712000297
9354680020003
9354680021000
9354680021109
9354680021208
9354765000432
9354849002314
9354849009672
9354849010067
9355414001244
9355414001688
9355414001695
9355414001701
9355540000487
9355540000555
9355683003758
9355683004663
9355683004670
9356335001443
9356335001467
9356335001481
9356335001498
9356335001504
9356335001511
9356335001528
9356335001535
9356335001542
9356335001559
9356335001566
9356335001580
9356335002112
9356335003232
9356335003713
9356335003744
9356335003768
9356335003775
9356335003799
9356335003805
9356335003812
9356335003829
9356335003881
9356335003898
9356335003904
9356335003911
9356335003928
9356335003935
9356335003942
9356335003959
9356335005045
9356335005052
9356335005144
9356335005151
9356335005199
9356335005274
9356335005281
9356335005298
9356335005311
9356335005427
9356335005434
9356335005441
9356335005458
9356418003593
9356418003609
9356745000197
9356745000395
9356745000432
9357128001213
9357128001220
9357128001237
9357128001244
9357128001251
9357128001275
9357128001282
9357128001305
9357128001312
9357128001329
9357156000073
9357469000005
9357469000029
9358553100199
9358553100311
9358553100601
9358553100618
9358553100793
9358984000129
9358984000143
9358989000049
9358989000094
9359054001169
9359054001176
9359054001183
9359054002111
9359054002128
9359865007213
9359865007220
9359865007237
9359918000024
9360319000018
9360319000025
9360319000032
9360319000131
9360845000018
9360845000025
9360845000094
9361769000016
9361769000023
9361769000030
9361769000047
9361769000054
9361769000061
9361769000078
9361769000085
9361769000092
9361769000610
9361769000634
9369998030842
9369998048229
9369998111794
9400563448652
9400563461842
9400563461873
9400563461880
9400563462009
9400563462016
9400563462023
9400563462054
9400563462078
9400563738951
9400563762352
9400563762369
9400563762376
9400597025201
9403110042655
9403110049104
9403110062424
9403110062707
9403110062721
9403110064855
9403110065227
9403110065944
9403110065968
9414118505011
9414732214559
9414735951154
9414735951383
9414735956210
9414763003658
9414763003689
9414763003696
9414897010195
9414897011796
9414897011901
9415022020461
9415767067042
9415767068001
9415767068018
9415767068049
9415835000025
9416050541515
9416050901289
9416050901685
9416050902651
9416050902668
9416312200402
9416312200495
9416312270092
9416312272003
9416312272546
9417986939001
9417986939018
9417986939025
9417986939032
9417986941929
9417986943367
9417986946160
9417986946177
9417986946894
9418870002184
9418870002191
9418870002207
9421001850028
9421001850257
9421001850783
9421001850813
9421001850912
9421001850981
9421001851001
9421001852640
9421001852732
9421001852749
9421001852756
9421903833938
9421906822106
9421906822380
9421906822670
9421906822779
TEST_BARCODE
