5676
5901
5680
5652
5691
5677
5659
5618
5636
1486
1416
1248
1557
1449
1474
1901
1066
1113
8946
1545
1631
1130
1324
1577
1318
1755
1649
1442
1199
1647
1412
1103
1149
1231
1813
1128
1770
1213
1002
1573
1034
1332
1557
1631
1416
1474
1486
1755
8946
1248
1545
1130
1066
1901
1324
1449
1412
1442
1649
1231
1770
1577
1113
1647
1149
1128
1318
1813
1199
1213
1034
1103
1252
1766
1755
1631
1557
1545
1416
1066
1901
1412
1231
1474
1770
1486
8946
1248
1130
1442
1324
1449
1649
1113
1577
1128
1149
1647
1318
1199
1252
1813
1213
1766
1034
1573
1103
1577
1449
1248
1486
1318
1647
1324
1474
1103
1113
8946
1813
1130
1649
1199
1416
1213
1149
1442
1332
1557
1289
1002
1901
1624
1034
1631
1128
1339
1066
1176
1545
1113
1318
1486
1248
1449
1199
1416
1577
1474
1901
1103
1557
1066
8946
1324
1130
1002
1545
1647
1631
1649
1573
1813
1442
1755
1213
1149
1282
1332
1063
1339
1412
1160
1262
1002
1099
1063
1012
1129
1199
1103
1761
1282
1318
1573
1339
1113
1294
1249
1200
1472
1341
1364
1577
1176
1122
1056
1449
1621
1248
1607
1366
1366
1486
1289
1315
1012
1294
1099
1249
1262
1115
1160
1607
1297
1771
1063
1621
1364
1056
8380
1129
1761
1002
1282
1472
1045
1045
1122
1347
1200
1380
1561
1341
1105
1573
1339
1103
1199
1659
1090
1159
1366
1318
1366
1422
1070
1176
1621
1056
1771
1472
1063
1262
1282
8380
1573
1099
1012
1002
1160
1199
1113
1318
1103
1294
1129
1761
1249
1901
1066
1339
1364
1416
1486
1248
1577
1449
1380
1200
1341
1545
1607
1339
1176
1103
1341
1289
1332
1577
1129
1200
1761
1624
1813
8485
1315
1647
1366
1366
1213
1318
1598
1449
1199
1002
8165
1160
1122
1248
1113
1104
1324
1034
1486
1649
1123
1251
1149
1122
1200
1364
1761
1341
1129
1249
1366
1366
1339
1176
1607
1315
1123
1070
1160
1105
1294
1106
1598
8485
8165
1099
1012
1045
1045
1289
1759
1757
1103
1297
1258
1183
1624
1002
1332
1251
1347
1422
1659
1958
1813
1213
1813
1647
1332
1034
1624
1149
1649
1289
1577
1324
1128
1130
1104
1864
8946
1449
1442
1474
8485
1409
1248
1176
1252
1766
1486
1131
1598
1284
1339
1377
1251
1315
1251
8165
1008
1598
1104
8485
1759
1131
1147
1315
1624
1289
1258
1123
1332
1176
1106
1366
1366
1409
1213
1183
1402
1226
1034
1097
1341
1958
1813
1864
1070
1339
1127
1200
1647
1934
1122
1368
1144
1149
1070
1106
1123
1122
1183
1366
1105
1366
1757
1258
1759
1315
1200
8165
1958
1598
1364
1341
1368
1175
8485
1422
1176
1045
1045
1251
1607
1339
1761
1249
1008
1323
1347
1338
1659
1288
1226
1129
1289
1348
1297
1624
1147
1759
1258
1008
1251
8165
1147
1106
1123
1598
1226
1958
1183
8485
1315
1104
1368
1070
1366
1366
1131
1386
1386
1176
1289
1624
1144
1127
1757
1184
1332
1341
1402
1122
1323
1200
1175
1409
1105
1339
1097
1758
1643
1646
1024
1138
1306
1317
1184
1204
1144
1336
1127
1386
1386
1479
1091
1226
1331
1997
1147
1388
1224
1402
1008
1368
1958
1135
1351
1107
1323
1140
1003
1258
1092
1183
1131
1759
1603
1251
1110
1097
1104
1034
1624
1409
1332
1213
1131
1864
1813
1289
1149
1251
1097
1647
8485
1128
1284
1598
8165
1934
1377
1766
1252
1649
1008
1176
1315
1402
1147
1324
1577
1442
1130
1759
8946
1366
1366
1339
1402
1097
1934
1409
1131
1864
1147
1104
1284
1092
1377
1127
1008
1251
1034
1766
1252
1579
1624
1144
1332
1213
8165
1942
8485
1598
1128
1289
1149
1813
1759
1138
1226
1269
1315
1767
1377
1284
1766
1252
1934
1942
8882
1864
1767
1579
1600
1097
1409
1128
1034
1092
1149
1402
1442
1131
1649
1213
1770
1412
1104
1231
1269
1130
1324
1647
1813
8946
1332
1600
8882
1767
1942
1252
1766
1770
1231
1377
1412
1284
1579
1128
1442
1864
1149
1934
1649
1631
1755
1130
8946
1034
1324
1474
1409
1097
1647
1092
1557
1213
1192
1100
1159
1574
1380
1085
1111
8380
1088
1771
1634
1621
1056
1572
1472
1262
1282
1063
1012
1099
1573
1294
1397
1160
1002
1115
1199
1249
1113
1129
1318
1607
1103
1761
1297
1364
1901
1244
1066
1085
1192
1574
1111
1100
1088
1634
1159
1380
1572
1397
8380
1771
1244
1621
1056
1326
1344
1472
1262
1282
1063
1012
1099
1165
1573
1115
1294
1160
1002
1316
1228
1172
1249
1199
1278
1297
1207
1607
1129
1244
1326
1344
1165
1316
1228
1572
1172
1207
1397
1278
1415
1117
1101
1032
1753
1634
1088
1111
1179
1171
1245
1085
1112
1148
1208
1495
1410
1574
1192
1100
1159
1174
1380
1785
8380
1164
1771
1621
1415
1207
1316
1101
1117
1753
1165
1228
1172
1032
1326
1278
1344
1244
1171
1245
1179
1495
1148
1397
1572
1208
1410
1112
1634
1174
1088
1785
1111
1085
1574
1192
1100
1164
1159
1380
8380
1771
1621
1410
1208
1148
1164
1179
1245
1171
1495
1680
1112
1032
1236
1753
1117
1278
1101
1172
1228
1415
1207
1174
1316
1785
1165
1345
1344
1326
1244
1397
1961
1572
1177
1634
1205
1088
1111
1085
1574
1179
1171
1245
1148
1410
1208
1032
1753
1117
1101
1495
1278
1172
1228
1207
1415
1316
1165
1112
1344
1326
1244
1174
1397
1785
1164
1572
1634
1088
1111
1085
1574
1192
1100
1680
1159
1236
1380
1164
1112
1208
1410
1148
1179
1278
1032
1172
1228
1344
1117
1171
1245
1397
1753
1165
1316
1207
1236
1101
1326
1415
1244
1572
1495
1634
1088
1111
1574
1345
1085
1100
1192
1174
1159
1785
1380
1195
1685
1168
1345
1236
1191
1253
1305
1164
1680
1086
1410
1208
1353
1148
1112
1179
1205
1245
1171
1495
1032
1278
1961
1753
1117
1172
1177
1101
1228
1221
1259
1207
1415
1316
1446
1344
1353
1259
2571
1335
1253
2676
2689
1305
2679
2540
2173
1195
1685
2516
2576
2601
2797
2663
1168
2550
2609
1327
2941
1180
2514
1124
1132
2507
2504
1434
1311
2767
2782
2541
2665
2595
2517
2694
2666
2597
1259
2571
2689
1353
2540
2676
1253
2550
2609
1327
2941
1180
1124
1132
2782
2541
2517
1311
2694
1434
2611
2504
2174
2679
2512
2945
2511
2641
2645
2603
2159
2652
2595
2564
2666
2749
2685
2764
2515
2887
2173
