1002
1003
1004
1008
1009
1012
1018
1024
1030
1034
1037
1044
1045
1051
1052
1054
1055
1056
1061
1062
1063
1065
1066
1069
1070
1073
1080
1085
1087
1088
1089
1090
1091
1092
1097
1099
1100
1102
1103
1104
1105
1106
1107
1108
1109
1110
1111
1113
1114
1115
1118
1119
1120
1122
1123
1126
1127
1128
1129
1130
1131
1133
1134
1135
1136
1137
1138
1139
1140
1143
1144
1145
1147
1149
1152
1154
1156
1159
1160
1161
1162
1163
1166
1167
1173
1175
1176
1181
1183
1184
1185
1189
1190
1192
1194
1196
1197
1198
1199
1200
1203
1204
1206
1209
1210
1211
1213
1216
1224
1226
1231
1240
1242
1244
1248
1249
1250
1251
1252
1254
1256
1258
1261
1262
1268
1269
1270
1272
1273
1274
1275
1279
1280
1282
1284
1286
1287
1288
1289
1293
1294
1297
1302
1306
1307
1308
1310
1313
1315
1317
1318
1319
1323
1324
1325
1326
1328
1329
1331
1332
1336
1338
1339
1341
1343
1344
1346
1347
1348
1350
1351
1358
1360
1364
1366
1368
1370
1372
1375
1376
1377
1380
1384
1385
1386
1387
1388
1389
1392
1397
1400
1401
1402
1407
1409
1412
1413
1416
1419
1422
1431
1436
1442
1449
1457
1470
1472
1474
1479
1486
1545
1550
1556
1557
1561
1572
1573
1574
1577
1579
1590
1598
1600
1603
1607
1609
1610
1611
1614
1615
1621
1624
1625
1631
1632
1633
1634
1638
1641
1643
1645
1646
1647
1648
1649
1659
1661
1662
1665
1669
1674
1703
1716
1755
1756
1757
1758
1759
1761
1766
1767
1770
1771
1787
1798
1813
1816
1845
1864
1901
1905
1922
1932
1934
1941
1942
1956
1958
1997
20006
20036
20040
20051
20436
20956
21805
22014
22015
22018
22029
22057
22120
22128
22135
22136
22165
22176
22177
22180
22198
22208
22221
22239
22243
22246
22256
22259
22260
22276
22285
22286
22297
22302
22303
22316
22322
22338
22344
22362
22372
22374
22382
22389
22392
22397
22399
22406
22424
22427
22430
22432
22433
22436
22440
22447
22453
22464
22466
22476
22484
22491
22526
22529
22539
22541
22545
22546
22582
22592
22630
22680
22683
22686
22707
22708
22720
22721
22723
22729
22734
22737
22750
22756
22759
22761
22763
22774
22777
22790
22793
22794
22810
22879
22887
22895
22900
22906
22916
23205
23220
24378
24557
24880
25565
25567
26000
28060
28127
28176
28408
28412
28413
28491
28492
28569
28574
28575
28576
28577
28592
28593
28631
28634
28650
28661
28684
28704
28747
28780
28781
28783
28791
28796
28820
28821
28861
28892
28895
28923
28937
28968
28973
28974
28978
28982
3002
30021
30022
30024
30025
30026
30027
30031
30032
30035
30036
30037
3004
3006
3007
30107
30108
30278
3028
3034
3053
3055
3058
3060
3061
3062
3063
3066
30707
3072
3074
3075
30750
3079
30839
30840
30847
3088
3089
3091
3092
3094
3096
3100
3101
3102
3104
3105
3106
3108
3109
3110
3112
3113
3114
3115
3116
3117
3118
3119
3120
3121
3122
3123
3124
3125
3126
3127
3128
3129
3130
3133
3134
3135
3136
3137
3138
3139
3140
3141
3142
3143
3144
3145
3146
3147
3148
3149
3150
3151
3153
3155
3157
3159
3160
3161
3162
3163
3164
3165
3166
3167
3168
3169
3171
3172
3173
3174
3175
3176
3177
3178
3179
3181
3182
3183
3184
3185
3186
3187
3188
3189
3191
3192
3193
3195
3196
3197
3201
3202
3203
3204
3205
3208
3209
3211
3213
3214
3215
3216
3218
3219
3221
3222
3223
3227
3229
3235
3240
3241
3244
3247
3248
3250
3259
3260
3261
3263
3266
3267
3268
3270
3271
3272
3273
3274
3275
3278
3279
3280
3281
3282
3283
3285
3286
3287
3289
3290
3291
3292
3293
3295
3298
3299
33005
3301
3302
3303
33030
3304
3306
3307
3308
3309
3310
3311
33139
3315
3316
3317
3318
3319
33190
3320
33208
3321
33239
3324
33241
3325
33260
33261
3327
33282
3329
33292
33293
3330
33307
3331
33312
3332
33334
3336
33360
3337
33375
33379
33380
3339
3340
33409
3341
33415
3343
3344
3345
33472
33473
33474
33477
3349
33499
33512
3352
33525
3353
33533
3354
33544
33546
3355
33552
33566
3357
33605
3361
33618
3362
33621
33635
3364
33640
3366
33670
33673
3368
3369
3371
33714
33732
3376
33799
3381
3382
33828
33838
3384
33867
3388
3389
3390
3391
3392
3393
3395
33976
3398
33985
3399
33992
33993
3400
3403
3411
3427
3431
3438
34449
34450
3452
3453
3454
3494
35566
35567
35568
3565
3567
3576
3579
3603
3604
3607
36221
36678
3670
3672
37015
37030
37031
37048
37055
37069
37091
37092
37097
3711
3714
37142
37151
37155
3716
37185
37187
37195
37199
37206
37210
37217
37237
37241
37251
37253
37257
37292
37310
37321
37350
37354
37395
3742
3761
3762
3763
3779
3802
3803
3804
3805
3806
3807
3809
3813
3850
3851
3855
3900
3901
3903
3923
3940
3960
39600
3964
3968
3969
39855
3996
3999
4029
40338
4082
41334
41339
41340
4309
4364
4374
4375
4376
4383
4386
4388
4397
44023
44024
44105
44124
4416
44163
44166
44174
44177
4418
44193
44208
44218
44233
44238
44301
44360
44392
44414
44423
44424
44425
44432
44436
44461
44465
44479
44485
44530
44860
4603
4855
5003
5018
50296
5088
5098
51001
51003
5301
5311
5317
5318
5518
55409
55411
55413
55426
5547
55509
55536
5600
5602
5603
5606
5608
5610
5611
5612
5613
5616
5617
5619
5621
5622
5623
5626
5629
5630
5631
5632
5634
5635
5639
5642
5643
5644
5645
5646
5647
5648
5650
5653
5654
5657
5660
5661
5664
5665
5668
5671
5672
5673
5674
5679
5681
5682
5684
5685
5686
5687
5689
5702
5731
5736
5739
5798
5799
5945
66146
66149
66357
66361
66395
7001
7002
7003
7004
7005
7006
7008
7009
7010
7011
7012
7014
7018
7058
7063
7202
7203
7205
7207
7208
7210
7211
7213
7214
7215
7216
7217
7219
7220
7222
7223
7582
8165
8274
8281
8285
8380
8382
8385
8485
8524
8533
8785
8823
8824
8826
8827
8846
8849
8882
8946
8952
8963
8964
8972
91005
91021
91193
91215
91290
91296
91300
91352
91357
91362
91383
91424
91426
91427
91430
91433
91448
91451
91453
91456
91460
91480
91496
91500
91502
91503
91504
91505
91506
91508
91509
91511
91512
91514
91515
91518
91519
91520
91523
91529
91530
91531
91534
91536
91540
91541
91543
91559
91560
91562
91566
91567
91569
91571
91583
91584
91585
91586
91587
91588
91591
91592
91594
91596
91597
91642
91658
91675
91677
91687
91690
91692
91696
91697
91698
91699
91701
91702
91705
91706
91707
91708
91709
91715
91729
91732
91736
91741
91742
91744
91750
91751
91754
91762
91764
91769
91773
91774
91788
91789
91790
91792
91797
91803
91815
91823
91824
91825
91826
91829
91831
91833
91834
91841
91846
91848
91853
91860
91863
91868
91873
91881
91895
91936
91950
91980
91993
91994
91996
91997
92095
93001
93003
93006
93009
93020
93021
93022
93023
93024
93025
93026
93027
93035
93036
93037
93038
93039
93040
93041
93045
93046
93047
93051
93056
93065
93087
93093
93131
93190
93234
93277
93300
93305
93409
93412
93413
93417
93420
93421
93424
93425
93428
93430
93434
93470
93471
93472
93473
93475
93476
93477
93478
93479
93480
93481
93483
93484
93485
93487
93489
93490
93491
93496
93501
93502
93503
93504
93506
93507
93509
93510
93511
93512
93513
93514
93515
93516
93517
93518
93520
93521
93523
93525
93526
93527
93529
93530
93531
93532
93533
93534
93535
93536
93539
93540
93541
93542
93544
93546
93547
93548
93549
93551
93556
93558
93559
93560
93561
93562
93563
93564
93566
93569
93570
93571
93573
93582
93584
93586
93587
93589
93590
93591
93592
93594
93596
93598
93690
93844
93859
93873
93913
93917
93918
93922
93935
93946
93947
93948
93979
94048
94220
94232
94233
94239
94252
95001
95020
95022
95501
95504
95505
95506
95507
95509
95510
95511
95512
95514
95515
95517
95521
95522
95526
95529
95534
95538
95539
95540
95541
95542
95546
95548
95555
97400
97401
97402
97403
97404
97405
97408
97409
97413
97414
97419
97423
97425
97447
99001
99004
99007
99008
99458
99843
99966
